21.2191287964
5.0848928761
15.7067655478
21.3920321066
5.193160009
15.6999056132
21.2671836148
4.9534253063
15.6603221862
21.2084422316
5.1930142535
15.8055499533
21.3634299539
5.2104218212
15.8420926327
21.2177143676
5.2944459813
15.8528895754
21.1509488318
5.238383172
15.8790235263
21.1533581552
5.4793117483
15.8268877573
21.0617784094
5.3087044488
15.8843134031
21.0400296033
5.1327748602
15.8217213282
21.1086405156
5.3335234168
15.8371291122
21.0560790233
5.1618155613
15.7397992574
21.2448430881
5.3905045121
15.8597830342
21.083343183
5.2555503519
15.9850540009
21.131531693
5.7384547339
15.8767498015
21.0740353338
5.5022532268
15.9415635885
20.9330602052
5.5317220728
16.0711813309
20.9914903517
5.5554144946
15.8746809392
20.8185625001
5.3524262409
16.3079661057
21.1563762494
5.6390769938
15.9856288213
20.7558469405
5.3791285163
16.0679747724
20.9823123347
5.4962786843
15.9294576899
20.9240233664
5.4389079489
15.922383106
21.0220416506
5.3798442282
15.9034500592
21.0499061902
5.3517875375
15.8934276353
21.0592982125
5.3270344348
15.8051652031
21.0256948943
5.2338761134
15.8853242167
21.0918577257
5.2854487091
15.7541620052
21.0955597205
5.2195412054
15.7999908968
21.2376859079
5.2944624873
15.6454258616
21.2659218069
5.1924910748
15.638109418
21.4601086387
5.1107047639
15.6096674367
21.3972118085
5.053405825
15.4983971929
21.1674330685
4.9091178677
15.8755273328
21.6267172074
5.2339759273
15.6851629843
21.345642485
5.033176071
15.6712734021
21.3019209419
5.269750418
15.768801998
21.2459088948
5.1821324499
15.85206635
21.186860773
5.3048260299
15.7875849032
21.1519406914
5.329270565
15.9446128069
21.1174376295
5.2082851142
15.8391263113
21.1710632712
5.4929236124
15.8092131072
21.1976848677
5.2985636995
15.7935177665
21.1297558544
5.3547466881
15.7570502422
21.0074259153
5.2017053284
15.8200206158
21.1588717732
5.2528273266
15.7555607532
20.9543066982
5.4063768966
15.780412205
21.006292053
5.3935595674
15.8769719572
20.8450334086
5.466972406
15.9448469018
20.8692713545
5.6553648614
15.8555475914
20.972896654
5.5380610527
15.9440012785
20.848047089
5.5210982779
16.0814409129
20.8842500073
5.5845604746
16.1646378059
20.9992189407
5.4718351659
15.9384932864
20.8595657056
5.3879066059
15.9727994589
20.9507877791
5.3981798956
15.9482015926
21.0140308844
5.3423664446
15.8988607184
21.0555540555
5.3565024442
15.8666965983
21.0963365044
5.3099003401
15.8927899998
21.1528387422
5.3171454377
15.8002031552
21.1216235044
5.2412286856
15.7955302961
21.0798115011
5.2228901995
15.8648392723
21.2405985303
5.2196074968
15.781904322
21.3029817767
5.2072154055
15.5780653021
21.3861630187
5.1254348678
15.564499112
21.4218310433
5.0718159919
15.6150135375
21.393695492
5.0700141753
15.6516435975
21.6175381679
5.2389964368
15.5845666345
21.283929854
5.1452555557
15.6158619705
21.2794185272
5.2592227731
15.7861455497
21.340602709
5.2668170694
15.7214687797
21.0333797927
5.1925505333
15.8250394559
21.2218350277
5.4702071722
15.8700475472
21.103509306
5.266608567
15.8692851593
21.1053262281
5.3121407723
15.8379923119
21.1252246242
5.3133515797
15.8234715556
21.2472330493
5.4981713766
15.7947831239
21.1523757096
5.1711391975
15.8450475394
21.1915684094
5.4244050596
15.9760942508
21.1881178596
5.6350049321
15.8497829905
20.9320774065
5.5117982471
15.9953966904
20.8079988095
5.5564255648
15.9202308192
20.8277412287
5.362243027
16.3455767325
21.0005232175
5.4233408915
16.2079793683
20.7038740448
5.5103888624
15.9597052633
20.9146275288
5.5459617934
16.0245649247
20.9616862049
5.5552110145
15.9066799766
21.0465566328
5.3714468837
15.9385890954
21.0238703712
5.3473613057
15.8890283382
21.0457911987
5.3180983542
15.8806744632
21.1089808649
5.2646375972
15.8451315727
21.1340799969
5.2984979228
15.8540073237
21.1283966829
5.3144603107
15.8019576406
21.0842481771
5.274105456
15.81166432
21.0922479538
5.2845977981
15.8155804191
21.1164407351
