1.5814716027
34.98944323
36.4521586045
1.6205501097
34.9662686221
36.4502593133
1.5929798578
35.028448431
36.4412626161
1.5742561175
34.9669075617
36.4759827066
1.6140395498
34.9586679903
36.485247592
1.5767838902
34.9380333297
36.489075689
1.5617177697
34.9497738112
36.4944368826
1.5593721841
34.8966286907
36.4830914936
1.5378022827
34.9366083042
36.4967693527
1.5325773432
34.9774064899
36.4817066751
1.5479991608
34.9246400525
36.4847441673
1.5412303323
34.9740408767
36.4605363526
1.5858520459
34.915918388
36.4891650691
1.5440959999
34.9475975676
36.518587319
1.5597925183
34.8424873272
36.4948224045
1.5408789977
34.8876019582
36.5088527657
1.5101830155
34.9020893698
36.5422246015
1.5209644417
34.8719760391
36.4926102165
1.4783940161
34.9296691479
36.6003660892
1.566714675
34.8524671761
36.5197344381
1.4678136089
34.9287139843
36.5404224114
1.5197868479
34.8882893589
36.506326758
1.5053277731
34.9005411406
36.505887751
1.5281791524
34.9137313008
36.5015081334
1.5338995352
34.9201467589
36.4993394684
1.5360244291
34.9261565595
36.4777695721
1.5286864523
34.9485642581
36.4975332375
1.5433779051
34.935274362
36.4647373718
1.5459777001
34.9560771218
36.4757353105
1.5821203317
34.9398272743
36.4372029717
1.5893830063
34.9642545915
36.4336002402
1.6370402443
34.9896972521
36.4282285715
1.6216049909
35.0006671288
36.400901081
1.5703044956
35.0397810822
36.4891705022
1.6778023078
34.9609545244
36.4457806457
1.6143690756
35.007009825
36.443028765
1.5987991046
34.9498819916
36.4672365988
1.5838195387
34.9676387638
36.4868200932
1.56939505
34.9350151124
36.4732586869
1.5600860219
34.9284233068
36.5101014591
1.5502667237
34.9564457878
36.4854170633
1.5639697987
34.890977035
36.4783518344
1.5696862737
34.9341529753
36.4748549024
1.5532957103
34.9204987906
36.4648870098
1.524314912
34.9596913847
36.4805529584
1.5607582425
34.9506938145
36.4633156874
1.5160585258
34.9118912299
36.4708852262
1.5311935436
34.9183396511
36.4924796684
1.4907932637
34.8979019828
36.5103780575
1.4983363047
34.8518776374
36.4884819331
1.5192711634
34.878288468
36.508899074
1.4862310284
34.8847682492
36.5440158113
1.4954697737
34.8677982653
36.564400011
1.5246851131
34.8958945862
36.5077732939
1.4922478628
34.9173043595
36.5179198291
1.5103548405
34.9097462338
36.5123906591
1.5251647695
34.9228170599
36.5004973875
1.5350514757
34.918517062
36.4925912691
1.5444908178
34.9299253115
36.499190142
1.5581979069
34.9275437365
36.4767242785
1.5506040886
34.9465039259
36.4753931635
1.5421726756
34.954262734
36.4911333354
1.5812989816
34.9604557575
36.4687764
1.5991294549
34.9623255269
36.4189257529
1.6213455922
34.987234239
36.4158415863
1.627916438
34.9981443458
36.4283694635
1.619773342
34.9977479184
36.4358699159
1.6796659742
34.9593172691
36.4195087638
1.5964829374
34.9801077906
36.4285535302
1.5960139629
34.9528859225
36.4714233714
1.6101744379
34.9458132903
36.4545562049
1.5307990713
34.9650068326
36.4813209951
1.5779267891
34.9006031053
36.4929505491
1.548200192
34.9433205748
36.4933683826
1.5467242333
34.929731714
36.4860156356
1.5513594904
34.9284402997
36.4824342881
1.5830103964
34.8890308382
36.4751143626
1.5589638436
34.9732278228
36.4866535155
1.57070043
34.907773088
36.5164388975
1.5753580371
34.8670102057
36.4872759577
1.510302865
34.8887977713
36.5225793214
1.482370756
34.8770355264
36.496079801
1.483307623
34.9303528156
36.6093076397
1.5266477692
34.9186596709
36.5756360331
1.4527209013
34.8877693197
36.5122162331
1.5031643352
34.8814780509
36.5301612993
1.5137255263
34.876840588
36.5001833305
1.5362047479
34.9159224496
36.5096058451
1.5280703774
34.9220433844
36.4974998418
1.5327363086
34.9279607653
36.496337256
1.5476716235
34.9407316375
36.4876642486
1.5538348298
34.9332176058
36.4897415653
1.5522741818
34.928519991
36.4769507703
1.5419856714
34.9388267087
36.4795338522
1.5433337895
34.9357627441
36.4805191004
1.5492420307
