6.4567326632
5.0848928761
1.04548203
6.6162799305
5.193160009
1.0572891833
6.5037178421
4.9534253063
0.9778597522
6.4272737347
5.1930142535
1.1855034507
6.5896990266
5.2104218212
1.1614392945
6.4375939656
5.2944459813
1.1066705961
6.3760829578
5.238383172
1.168655206
6.3665065487
5.4793117483
1.0520161926
6.2784423137
5.3087044488
1.1202453532
6.2571102595
5.1327748602
1.0494578095
6.3200734851
5.3335234168
1.1204751302
6.2924381387
5.1618155613
1.0594078598
6.4746168607
5.3905045121
1.2009643216
6.3041379058
5.2555503519
1.3426188481
6.3682226627
5.7384547339
1.1371018212
6.2910037317
5.5022532268
1.2855189392
6.1656801088
5.5317220728
1.3159810672
6.2096978367
5.5554144946
1.2131062873
6.0358939841
5.3524262409
1.5416210389
6.3964840078
5.6390769938
1.2995268526
5.9926969638
5.3791285163
1.3545119606
6.2048900308
5.4962786843
1.231967744
6.145857431
5.4389079489
1.1791216892
6.2391536032
5.3798442282
1.1442829736
6.2625084216
5.3517875375
1.1200481274
6.2711838049
5.3270344348
1.033903801
6.2412247751
5.2338761134
1.0999568896
6.3012061137
5.2854487091
1.0270183684
6.311820393
5.2195412054
1.0746047841
6.4593812532
5.2944624873
1.0012686134
6.4890328433
5.1924910748
1.1090034967
6.6836048134
5.1107047639
1.0030923879
6.6205867331
5.053405825
0.9786822332
6.4111403016
4.9091178677
1.3413838512
6.850025599
5.2339759273
1.0986711663
6.5910443938
5.033176071
1.0524976302
6.5274762967
5.269750418
1.1131898389
6.4663186684
5.1821324499
1.2077779665
6.4074272741
5.3048260299
1.0297029072
6.3694209608
5.329270565
1.2357779476
6.3293313482
5.2082851142
1.0934534907
6.3852774001
5.4929236124
1.07392763
6.4086162642
5.2985636995
1.0220678826
6.3416979042
5.3547466881
1.0690040542
6.2233769257
5.2017053284
1.0987945261
6.3721654603
5.2528273266
1.1058495303
6.1896682723
5.4063768966
1.1173806112
6.2514605699
5.3935595674
1.2826686618
6.0865168512
5.466972406
1.2625340845
6.1173131041
5.6553648614
1.2446623253
6.2027846265
5.5380610527
1.3375802685
6.0678904442
5.5210982779
1.3525386098
6.1056098118
5.5845604746
1.4355631012
6.2248883596
5.4718351659
1.3010608909
6.0924555968
5.3879066059
1.249442797
6.166381625
5.3981798956
1.1971049869
6.2268466705
5.3423664446
1.1361287347
6.267211492
5.3565024442
1.1068169705
6.3057498435
5.3099003401
1.1169382392
6.3617122835
5.3171454377
1.0155334674
6.3307087204
5.2412286856
1.0219253443
6.2962854783
5.2228901995
1.1362406223
6.4560278965
5.2196074968
1.1882988521
6.52882503
5.2072154055
1.0933164844
6.6195276762
5.1254348678
1.0433088753
6.6463547118
5.0718159919
1.0730510574
6.6131085921
5.0700141753
1.1553019672
6.8576344589
5.2389964368
1.1617853834
6.5180199949
5.1452555557
1.0962961327
6.5161052953
5.2592227731
1.1231293404
6.5739187911
5.2668170694
1.1921628319
6.2498500432
5.1925505333
1.1252514059
6.4422601213
5.4702071722
1.1333335817
6.3208942426
5.266608567
1.0986678554
6.3148682915
5.3121407723
1.0486255121
6.3337928276
5.3133515797
1.0359858234
6.4630151531
5.4981713766
1.0284970687
6.3648394016
5.1711391975
1.1259512641
6.4127567976
5.4244050596
1.332038209
6.4317725824
5.6350049321
1.2174089264
6.1661694227
5.5117982471
1.303626074
6.0521299671
5.5564255648
1.4696748333
6.0559549489
5.362243027
1.5813092996
6.2329013684
5.4233408915
1.4524644534
5.9310774078
5.5103888624
1.3482183333
6.1370246829
5.5459617934
1.3185501783
6.1801432489
5.5552110145
1.2929624587
6.271919999
5.3714468837
1.2065428057
6.2387095037
5.3473613057
1.1628181695
6.2577592734
5.3180983542
1.0984258495
6.3187362365
5.2646375972
1.0614037101
6.3438989872
5.2984979228
1.0791563751
6.3375272716
5.3144603107
1.0356624453
6.2955219893
5.274105456
1.0260952807
6.3010260013
5.2845977981
1.0270203402
6.3251477963
