43.4000706264
5.0848928761
37.8895694892
43.5757820336
5.193160009
37.8821047205
43.4481168669
4.9534253063
37.8443995686
43.3936131102
5.1930142535
37.9873342818
43.5466226358
5.2104218212
38.0247546813
43.4025448309
5.2944459813
38.038716059
43.3347939147
5.238383172
38.0620863123
43.3398038002
5.4793117483
38.013738669
43.2474083752
5.3087044488
38.0701464125
43.225696062
5.1327748602
38.0082566161
43.295443518
5.3335234168
38.0217131565
43.2375492393
5.1618155613
37.9233715817
43.427387351
5.3905045121
38.0413285989
43.2682335309
5.2555503519
38.1633566122
43.3129660846
5.7384547339
38.0623225483
43.2596115258
5.5022532268
38.1222746703
43.1154627011
5.5317220728
38.2561940886
43.176885417
5.5554144946
38.0557047607
43.004301991
5.3524262409
38.4933764239
43.336387637
5.6390769938
38.1665565495
42.9377872219
5.3791285163
38.2503220601
43.1667524616
5.4962786843
38.1113096418
43.1088054337
5.4389079489
38.1076577886
43.207697898
5.3798442282
38.0894107471
43.2364929718
5.3517875375
38.0801470748
43.2460320688
5.3270344348
37.9920105524
43.2116614681
5.2338761134
38.0725193282
43.2791332653
5.2854487091
37.939554315
43.2814346708
5.2195412054
37.9847945076
43.4222813398
5.2944624873
37.828421768
43.4501312465
5.1924910748
37.8162231306
43.643925623
5.1107047639
37.7920547411
43.581059718
5.053405825
37.6805444942
43.3471390873
4.9091178677
38.0469111773
43.8102921393
5.2339759273
37.865032467
43.5242429101
5.033176071
37.8528858779
43.4854276991
5.269750418
37.9512977294
43.4306795329
5.1821324499
38.0324028761
43.3716346568
5.3048260299
37.9738866745
43.3374177244
5.329270565
38.1266506715
43.3041520774
5.2082851142
38.0242070698
43.3572673956
5.4929236124
37.9949434951
43.3845676537
5.2985636995
37.9801986168
43.3164463062
5.3547466881
37.9409418023
43.193461926
5.2017053284
38.0045861599
43.3452739468
5.2528273266
37.9362685881
43.1364243285
5.4063768966
37.9650571005
43.185926776
5.3935595674
38.0561895798
43.0258833266
5.466972406
38.1274226437
43.0485720766
5.6553648614
38.0379891046
43.1558603476
5.5380610527
38.1231295101
43.0332412281
5.5210982779
38.2645532761
43.0690649419
5.5845604746
38.3477649905
43.1828878395
5.4718351659
38.1182840181
43.042182616
5.3879066059
38.1572206445
43.1367313171
5.3981798956
38.1339479347
43.2005691797
5.3423664446
38.0851188392
43.2423366752
5.3565024442
38.0528792713
43.2835966779
5.3099003401
38.0795288146
43.340211632
5.3171454377
37.9875026127
43.3089569459
5.2412286856
37.9823329608
43.2656114872
5.2228901995
38.0483813259
43.4265154469
5.2196074968
37.9599238067
43.4865448452
5.2072154055
37.7562461572
43.5675961724
5.1254348678
37.743287241
43.6054417878
5.0718159919
37.7942346287
43.5785376423
5.0700141753
37.8269639358
43.796576996
5.2389964368
37.7599571101
43.4654204719
5.1452555557
37.7950147911
43.460167476
5.2592227731
37.9684871136
43.522197786
5.2668170694
37.900951237
43.219066908
5.1925505333
38.0083769079
43.4065464514
5.4702071722
38.0550067012
43.2891079722
5.266608567
38.0558535057
43.2925576551
5.3121407723
38.0253879146
43.3126676547
5.3133515797
38.0108010204
43.4330030485
5.4981713766
37.9813331
43.3389512813
5.1711391975
38.0295505897
43.3762712184
5.4244050596
38.1544672978
43.3677665146
5.6350049321
38.0328332717
43.1142578206
5.5117982471
38.177511137
42.9887759409
5.5564255648
38.080731436
43.0113244768
5.362243027
38.5303082393
43.182890697
5.4233408915
38.3927518978
42.8877873135
5.5103888624
38.1374594085
43.0991821703
5.5459617934
38.2078307097
43.1469784535
5.5552110145
38.0869797567
43.2304138459
5.3714468837
38.123196433
43.2099723095
5.3473613057
38.0737140486
43.2324944322
5.3180983542
38.0677176713
43.2961672069
5.2646375972
38.0322612351
43.3212467556
5.2984979228
38.0408782357
43.3157155836
5.3144603107
37.9887078387
43.2711499742
5.274105456
37.9989702339
43.27964971
5.2845977981
38.002956762
43.3038539669
