33.8463369048
2.1412393085
31.5263993141
33.9208370556
2.1868304048
31.5231741583
33.8665529611
2.0858785496
31.5075689398
33.8443995851
2.1867690274
31.5674279311
33.9084490916
2.1940993231
31.5833005653
33.8480920248
2.2294817468
31.5896451083
33.819390036
2.2058737979
31.5990734677
33.8219776492
2.3073283911
31.5792791987
33.7829176547
2.235485962
31.6028757658
33.7737874251
2.1614023265
31.576922946
33.8033627944
2.2459371851
31.5822959491
33.778008537
2.1736313138
31.5407456248
33.8581276923
2.2699318226
31.5901176864
33.7915581776
2.2131028667
31.6409785785
33.8097618099
2.4164530395
31.5995458956
33.7880464878
2.3169890067
31.6240502176
33.7267758481
2.3293982852
31.6810912745
33.7531818836
2.3393751217
31.5960859635
33.6805769705
2.2538971306
31.78102307
33.8193271895
2.3746052507
31.6427365201
33.6518879285
2.2651414111
31.6782068112
33.74873913
2.3144731376
31.6196129356
33.7244075416
2.2903144234
31.6185923095
33.7662062481
2.2654427961
31.6110105489
33.778500573
2.2536281737
31.6072236097
33.7825443909
2.2432046864
31.570129459
33.7679309523
2.2039758836
31.6040821953
33.7965825135
2.2256930116
31.5478302267
33.7972982679
2.1979394795
31.5667872384
33.8563689974
2.2294886974
31.500675058
33.8680217823
2.1865487178
31.4948356638
33.949539024
2.1521086483
31.485283227
33.9230722471
2.1279801675
31.4383074932
33.8238249884
2.0672207664
31.5909233045
34.0195327745
2.2040179151
31.5156460643
33.8981609003
2.1194614542
31.5107857476
33.8827465484
2.2190824892
31.5523461334
33.8599320031
2.1821867193
31.586178491
33.8350711986
2.2338527667
31.5624160124
33.8207933999
2.2441463168
31.6260935416
33.8070140769
2.1931995595
31.5834170704
33.829286661
2.3130603228
31.5712084129
33.8409058513
2.2312157106
31.565130979
33.8121861704
2.2548742667
31.5481973571
33.7602860366
2.1904288235
31.5750871968
33.8242725028
2.2119562057
31.545745252
33.7355578201
2.2766156553
31.5584573982
33.7559366832
2.2712183009
31.596008533
33.6887832054
2.3021323161
31.626515956
33.6980501771
2.3814640426
31.5888626391
33.743886118
2.3320676183
31.6242187604
33.692663135
2.3249246241
31.6843208523
33.7076769022
2.3516484418
31.7193642581
33.7553852085
2.3041800156
31.6222511351
33.6959657871
2.2688378489
31.6393402427
33.7363730155
2.2731639128
31.6297350966
33.7633641309
2.2496609683
31.6092490768
33.7809970974
2.2556136125
31.5956621337
33.7984591469
2.2359895497
31.6069657119
33.8223201502
2.2390404473
31.5682981923
33.809151916
2.2070720386
31.5660474288
33.7906202105
2.1993497349
31.5933642021
33.8583929049
2.1979673947
31.5553247762
33.8832341821
2.1927491071
31.4695965564
33.9169457382
2.1583114687
31.4642404738
33.9332966346
2.1357326559
31.4857512728
33.9222002363
2.1349739141
31.4989469948
34.0128717905
2.2061320427
31.4707835519
33.8739425872
2.1666579251
31.4860716125
33.8715852761
2.2146493168
31.5595582592
33.8978665205
2.2178472613
31.5307427033
33.7709937978
2.1865737556
31.5765009104
33.8497558968
2.3034944704
31.596374171
33.8004766805
2.2177594614
31.5969701438
33.802227275
2.2369329917
31.5842653199
33.8107345405
2.2374428605
31.5781130903
33.8610941111
2.3152701469
31.5655879418
33.8216417067
2.1775574804
31.5855844806
33.8370136655
2.2842072826
31.6372652724
33.8324996914
2.3728905127
31.5867592457
33.7262271225
2.3210083977
31.6475326781
33.6731604562
2.3398008815
31.6035922944
33.6831465142
2.2580309617
31.7964586361
33.7551566998
2.2837591633
31.7385550379
33.631189514
2.3204149084
31.6300353441
33.720309494
2.3353946061
31.6604766197
33.7405666445
2.3392894366
31.6091558748
33.7754408025
2.2619066893
31.6250357443
33.7672435818
2.2517642954
31.6042141272
33.7768373538
2.2394417188
31.6020375984
33.8037390002
2.2169294895
31.5871199822
33.8142960817
2.2311880121
31.5907106627
33.8119950585
2.2379097452
31.5687271388
33.793154003
2.2209163879
31.5731280687
33.7968233414
2.2253346944
31.5748168662
33.8070176399
